time_s,ax_ref_mps2,xi_ff_m,xi_ref_m,xi_actual_m,x_base_m,dx_base_mps,height_m
0,0,-0,0,0,0,0,0.581863002919522
0.005,0,-0,-1.23910365972408e-07,-5.69556016513373e-05,-1.4519334629605e-05,-0.00530285551664072,0.582031665925588
0.01,0,-0,-4.55077307032493e-07,-0.000231353999348233,-5.45676046107315e-05,-0.00897261396611975,0.58246875169537
0.015,0,-0,-1.00435601787467e-06,-0.00033795964478664,-0.000101498841811897,-0.00961737454941217,0.582724727523648
0.02,0,-0,-1.88335756121984e-06,-0.000285893745837013,-0.000162606827952052,-0.0145846435307747,0.582712672298525
0.025,0,-0,-3.25713225857393e-06,-9.82106459944815e-05,-0.000255058998896845,-0.0219383655345121,0.582569781218518
0.03,0,-0,-5.29928549260304e-06,0.000176763154817697,-0.000385768176479293,-0.0298058016331872,0.582390608018109
0.035,0,-0,-8.1641688743269e-06,0.000488255673982516,-0.000553605717228182,-0.0370049972389746,0.582219088969027
0.04,0,-0,-1.19768429137993e-05,0.000792117815885868,-0.000756814932362014,-0.0430865679318583,0.582067318393662
0.045,0,-0,-1.68343999657769e-05,0.00105684321335134,-0.000986434214263793,-0.0480847480294018,0.581929314225494
0.05,0,-0,-2.28123767555684e-05,0.00126183589137614,-0.00123797942668705,-0.0522493469830341,0.58179916005371
0.055,0,-0,-2.99727143057674e-05,0.00139197885374334,-0.00150884910228976,-0.055901559420658,0.581674574921572
0.06,0,-0,-3.83702012991718e-05,0.0014392732408936,-0.00179739623326176,-0.0593050035985624,0.581556885443496
0.065,0,-0,-4.80568600569124e-05,0.00140232154341145,-0.00210279351925911,-0.0626411789280009,0.581448723255566
0.07,0,-0,-5.90847402541756e-05,0.00128300159754371,-0.00242515667501874,-0.066027075157753,0.581352719357182
0.075,0,-0,-7.15075255372648e-05,0.00108783981212235,-0.00276474007152775,-0.0695317006707457,0.58126949522535
0.08,0,-0,-8.53815189202717e-05,0.000822434884333381,-0.00312277809375844,-0.0731982500696611,0.581198719709293
0.085,0,-0,-0.000100765885509837,0.000495394925915466,-0.00350019210089383,-0.0770394920626509,0.581138618325539
0.09,0,-0,-0.000117722669269057,0.000116989223365421,-0.00389719697726863,-0.0810594960179783,0.581086846853826
0.095,0,-0,-0.000136316384994668,-0.000306589270741592,-0.00431503293851002,-0.0852431117259859,0.581042014004048
0.1,0,-0,-0.000156613348892557,-0.000768605670028927,-0.00475399737884507,-0.0895644395411906,0.581002973425057
0.105,0,-0,-0.000178680831600077,-0.00126505258977951,-0.00521493284658684,-0.0939886942752715,0.580969143332785
0.11,0,-0,-0.000202586249936027,-0.00179259567492344,-0.00569822898608254,-0.0984822669500814,0.580940164558504
0.115,0,-0,-0.000228396439117668,-0.00234965212372561,-0.00620470154882733,-0.103013701522643,0.580916004040987
0.12,0,-0,-0.000256177177184946,-0.00293331713676506,-0.00673338779244768,-0.107563294384754,0.580896505219891
0.125,0,-0,-0.000285992728851286,-0.0035440236841433,-0.00728553917206282,-0.112109484326934,0.58088215530589
0.13,0,-0,-0.000317905604100221,-0.00418050197866857,-0.00786064194628528,-0.116641140069466,0.58087312148026
0.135,0,-0,-0.000351976405544622,-0.004842407674139,-0.00845887674480088,-0.121149987879491,0.580869738972354
0.14,0,-0,-0.000388263796596929,-0.00552848251821143,-0.00907957128494795,-0.125633601027733,0.58087207455429
0.145,0,-0,-0.000426824516630268,-0.00623799328108395,-0.00972259672530202,-0.130090991703654,0.580880310130791
0.15,0,-0,-0.000467713409103913,-0.00697011679111335,-0.010387821014987,-0.134521736462158,0.580894596379964
0.155,0,-0,-0.000510983451174211,-0.00772393859271059,-0.0110751100990972,-0.13892549869399,0.580915032845958
0.16,0,-0,-0.000556685777738379,-0.00849846866689889,-0.0117843273848987,-0.143301729302743,0.580941663690517
0.165,0,-0,-0.000604869695560184,-0.00929266668802595,-0.012515332068745,-0.147649475929359,0.580974483482883
0.17,0,-0,-0.000655582686053964,-0.0101054707003916,-0.0132679769332184,-0.151967312954532,0.581013448797658
0.175,0,-0,-0.000708870396636588,-0.0109358239645263,-0.01404210595458,-0.156253327098684,0.58105849012614
0.18,0,-0,-0.000764776622846291,-0.011782697212247,-0.0148375521793292,-0.160505200798801,0.581109522843396
0.185,0,-0,-0.000823343283823576,-0.0126451045266708,-0.0156541360522091,-0.164720314626735,0.581166455110222
0.19,0,-0,-0.00088461039457086,-0.0135221130768987,-0.0164916643974894,-0.168895887195686,0.581229193706841
0.195,0,-0,-0.000948616037698435,-0.0144128470650152,-0.017349929980402,-0.173029087948456,0.581297646946356
0.2,0,-0,-0.00101539633732143,-0.0153164874649962,-0.018228711654196,-0.17711715052742,0.58137172638729
0.205,0,-0,-0.00108498543659089,-0.0162322684938309,-0.019127774885893,-0.18115743811749,0.581451346653008
0.21,0,-0,-0.0011574154801366,-0.0171594724860516,-0.0200468726071935,-0.185147501278725,0.581536425105445
0.215,0,-0,-0.00123271660152152,-0.0180974237922423,-0.0209857461632078,-0.189085086656872,0.581626880388587
0.22,0,-0,-0.00131091691594094,-0.01904548293035,-0.0219441263507191,-0.192968151417546,0.581722631541897
0.225,0,-0,-0.00139204251746733,-0.0200030410581471,-0.0229217343690789,-0.196794838112692,0.581823596466074
0.23,0,-0,-0.0014761174754777,-0.0209695155167741,-0.0239182827381419,-0.200563468594482,0.58192969133431
0.235,0,-0,-0.00156316384115676,-0.0219443460609337,-0.0249334760558893,-0.204272507507098,0.582040829516235
0.24,0,-0,-0.00165320165857823,-0.0229269922354335,-0.0259670116995137,-0.207920554348423,0.582156921566549
0.245,0,-0,-0.00174624897497487,-0.0239169312798337,-0.0270185803685191,-0.211506308997641,0.582277874692061
0.25,0,-0,-0.00184232185316158,-0.0249136568937647,-0.0280878665963906,-0.215028570023612,0.582403593211484
0.255,0,-0,-0.00194143438542527,-0.0259166781788803,-0.0291745491369033,-0.218486207303875,0.582533978354254
0.26,0,-0,-0.00204359870901458,-0.0269255191290715,-0.03027830136034,-0.221878168918223,0.58266892898507
0.265,0,-0,-0.00214882502264268,-0.0279397179989575,-0.0313987915495555,-0.225203457537719,0.582808341482239
0.27,0,-0,-0.00225712160435859,-0.028958827012243,-0.0325356832438096,-0.228461146404576,0.582952110539997
0.275,0,-0,-0.00236849483026937,-0.0299824117893873,-0.033688635505247,-0.231650358457654,0.583100129066565
0.28,0,-0,-0.00248294919444723,-0.0310100510121335,-0.0348573032347989,-0.234770281269006,0.583252288864279
0.285,0,-0,-0.00260048732962199,-0.032041335757136,-0.0360413374248802,-0.237820151066029,0.583408480427418
0.29,0,-0,-0.00272111002899941,-0.033075869066125,-0.0372403854710394,-0.240799267875991,0.583568593565845
0.295,0,-0,-0.00284481626877221,-0.034113265193039,-0.0384540914148803,-0.243706978080536,0.583732517102353
0.3,0,-0,-0.00297160323167844,-0.0351531491214693,-0.0396820962462788,-0.246542690086776,0.583900139425285
0.305,0,-0,-0.00310146633116951,-0.0361951557907858,-0.0409240381360888,-0.249305856618372,0.5840713481429
0.31,0,-0,-0.00323439923650192,-0.0372389296248279,-0.0421795527223751,-0.251995988587848,0.584246030581688
0.315,0,-0,-0.0033703938983491,-0.0382841237969167,-0.0434482733281889,-0.254612638741634,0.584424073428935
0.32,0,-0,-0.00350944057523759,-0.0393303998248573,-0.0447298312340334,-0.257155415020851,0.584605363252716
0.325,0,-0,-0.00365152786034172,-0.0403774269035727,-0.0460238558710184,-0.259623961477526,0.584789786093077
0.33,0,-0,-0.00379664270901576,-0.0414248815805927,-0.0473299750754001,-0.262017974675297,0.584977227990679
0.335,0,-0,-0.00394477046657149,-0.0424724471683882,-0.0486478152640256,-0.264337183420558,0.585167574590708
0.34,0,-0,-0.00409589489669287,-0.0435198134994196,-0.0499770016712945,-0.26658136559381,0.585360711678229
0.345,0,-0,-0.00424999820999553,-0.0445666764106484,-0.0513171585068462,-0.268750327791661,0.585556524782722
0.35,0,-0,-0.00440706109313639,-0.0456127375655591,-0.0526679091768066,-0.27084392264653,0.585754899715705
0.355,0,-0,-0.00456706273798221,-0.0466577039976451,-0.054028876425961,-0.272862028445315,0.585955722173602
0.36,0,-0,-0.00472998087125505,-0.0477012879856751,-0.0553996825454724,-0.274804566908486,0.586158878273786
0.365,0,-0,-0.00489579178416406,-0.0487432066443549,-0.0567799495017259,-0.276671482778927,0.586364254154446
0.37,0,-0,-0.00506447036245175,-0.0497831818418463,-0.0581692991323144,-0.278462761967711,0.586571736505571
0.375,0,-0,-0.0052359901163736,-0.0508209398312331,-0.0595673532645751,-0.280178411493174,0.586781212176711
0.38,0,-0,-0.0054103232110103,-0.0518562111988802,-0.0609737338977889,-0.281818476357001,0.586992568671382
0.385,0,-0,-0.0055874404964781,-0.0528887305281616,-0.0623880633121907,-0.283383021402569,0.587205693756753
0.39,0,-0,-0.00576731153845325,-0.0539182363837818,-0.0638099642472736,-0.284872148857055,0.587420475996024
0.395,0,-0,-0.00594990464851054,-0.0549444710049661,-0.0652390599981554,-0.28628597740271,0.587636804329265
0.4,0,-0,-0.00613518691473867,-0.0559671803149212,-0.0666749745835227,-0.287624661632165,0.587854568581828
0.405,0,-0,-0.00632312423213823,-0.0569861136424731,-0.0681173328353311,-0.288888371340236,0.588073659058034
0.41,0,-0,-0.00651368133327563,-0.0580010237606857,-0.0695657605619733,-0.290077311395381,0.588293967068087
0.415,0,-0,-0.00670682181860448,-0.0590116666219093,-0.0710198846199976,-0.291191697022109,0.588515384432942
0.42,0,-0,-0.00690250818710262,-0.0600178014221761,-0.0724793330781304,-0.292231781006105,0.588737804067133
0.425,0,-0,-0.00710070186657147,-0.0610191903753431,-0.0739437352922603,-0.293197826255693,0.588961119575311
0.43,0,-0,-0.00730136324410934,-0.0620155987877459,-0.075412722048338,-0.294090127209122,0.589185225707558
0.435,0,-0,-0.0075044516962765,-0.0630067948524571,-0.0768859256316792,-0.294908989563836,0.58941001796164
0.44,0,-0,-0.0077099256194098,-0.0639925497404903,-0.0783629799678094,-0.295654749413878,0.589635393058729
0.445,0,-0,-0.00791774245961227,-0.064972637418467,-0.0798435206872145,-0.296327753282617,0.589861248560496
0.45,0,-0,-0.00812785874285301,-0.0659468347530188,-0.0813271852586106,-0.296928376292289,0.590087483318836
0.455,0,-0,-0.00834023010473574,-0.0669149213482273,-0.0828136130495197,-0.297457003572153,0.590313997105536
0.46,0,-0,-0.0085548113203587,-0.0678766796639582,-0.0843024454554213,-0.297914047877715,0.590540691061098
0.465,0,-0,-0.00877155633381105,-0.0688318948690248,-0.0857933259536672,-0.298299930433322,0.590767467313032
0.47,0,-0,-0.00899041828775566,-0.0697803549702874,-0.0872859002286089,-0.298615099677155,0.590994229420287
0.475,0,-0,-0.00921134955262906,-0.0707218506816868,-0.0887798162215804,-0.298860011496451,0.591220881999808
0.48,0,-0,-0.00943430175590514,-0.0716561755600636,-0.0902747242501452,-0.299035147812692,0.591447331147881
0.485,0,-0,-0.00965922581097887,-0.0725831258900535,-0.0917702770560857,-0.299140997886688,0.591673484087961
0.49,0,-0,-0.00988607194609587,-0.0735025008281067,-0.0932661299208582,-0.299178076026814,0.591899249585567
0.495,0,-0,-0.0101147897328836,-0.0744141023001748,-0.094761940708782,-0.29914690285882,0.592124537592844
0.5,0,-0,-0.0103453281149204,-0.0753177351510579,-0.0962573699785522,-0.299048023462244,0.59234925965239
0.505,0,-0,-0.0105776354358879,-0.076213207052213,-0.0977520810222927,-0.298881988209496,0.592573328540226
0.51,0,-0,-0.0108116594677642,-0.0771003286558816,-0.0992457399746083,-0.29864937177485,0.592796658668775
0.515,0,-0,-0.0110473474385941,-0.0779789135160842,-0.100738015849936,-0.298350753591737,0.593019165748864
0.52,0,-0,-0.0112846460602698,-0.0788487782431199,-0.102228580645125,-0.29798673586489,0.593240767157776
0.525,0,-0,-0.0115235015559017,-0.0797097424354924,-0.10371710937557,-0.297557925796134,0.593461381621082
0.53,0,-0,-0.0117638596871837,-0.0805616288362869,-0.105203280174492,-0.297064952396275,0.593680929570765
0.535,0,-0,-0.012005665781358,-0.0814042632787875,-0.10668677432853,-0.296508449836279,0.593899332854775
0.54,0,-0,-0.0122488647580914,-0.0822374748302107,-0.108167276363655,-0.295889070263346,0.594116514996499
0.545,0,-0,-0.0124934011560365,-0.0830610957485521,-0.109644474086379,-0.29520747425053,0.594332400973903
0.55,0,-0,-0.012739219159313,-0.0838749616392287,-0.111118058674997,-0.294464340497092,0.594546917545468
0.555,0,-0,-0.0129862626235718,-0.0846789114124109,-0.112587724705562,-0.293660351504791,0.594759992935124
0.56,0,-0,-0.0132344751020307,-0.0854727874377464,-0.114053170241451,-0.292796209699916,0.594971557157215
0.565,0,-0,-0.0134837998710457,-0.086256435500123,-0.115514096855212,-0.291872619116291,0.595181541687381
0.57,0,-0,-0.0137341799556972,-0.0870297049541322,-0.116970209719164,-0.290890305175038,0.595389879808552
0.575,0,-0,-0.01398555815494,-0.0877924486986223,-0.118421217633033,-0.289849995735811,0.595596506360928
0.58,0,-0,-0.0142378770666395,-0.0885445233152717,-0.119866833096,-0.288752434443218,0.595801357953449
0.585,0,-0,-0.0144910791122602,-0.0892857890477137,-0.12130677233738,-0.287598370691677,0.596004372756781
0.59,0,-0,-0.0147451065614446,-0.0900161099441932,-0.122740755392968,-0.286388569519602,0.596205490764553
0.595,0,-0,-0.0149999015561799,-0.0907353538372776,-0.124168506125913,-0.285123798766553,0.59640465353603
0.6,0,-0,-0.0152554061348909,-0.0914433924833497,-0.125589752301601,-0.283804843026849,0.596601804460348
0.605,0,-0,-0.0155115622560637,-0.0921401015362136,-0.127004225601619,-0.282432486994228,0.596796888460997
0.61,0,-0,-0.0157683118218501,-0.0928253606830936,-0.128411661700633,-0.281007534114319,0.596989852287826
0.615,0,-0,-0.0160255967012243,-0.0934990536328005,-0.129811800286027,-0.279530788456426,0.597180644298116
0.62,0,-0,-0.0162833587530221,-0.0941610682396784,-0.131204385119795,-0.278003068442883,0.597369214646564
0.625,0,-0,-0.016541539848578,-0.0948112964915963,-0.132589164057222,-0.276425194689951,0.597555515078431
0.63,0,-0,-0.0168000818942331,-0.0954496346260958,-0.133965889107769,-0.274798001316169,0.597739499124652
0.635,0,-0,-0.0170589268534427,-0.0960759831207706,-0.135334316452285,-0.273122324409329,0.597921121907281
0.64,0,-0,-0.0173180167687421,-0.0966902468022798,-0.136694206499755,-0.271399012646008,0.598100340318408
0.645,0,-0,-0.0175772937833129,-0.0972923348378396,-0.13804532390287,-0.269628916422512,0.598277112836221
0.65,0,-0,-0.0178367001623947,-0.0978821608361372,-0.139387437610576,-0.267812897803415,0.598451399687544
0.655,0,-0,-0.0180961783142997,-0.0984596428389707,-0.14072032088201,-0.265951820328368,0.598623162674436
0.66,0,-0,-0.0183556708112588,-0.0990247034135244,-0.142043751334871,-0.264046558288344,0.598792365321126
0.665,0,-0,-0.0186151204098733,-0.0995772696435077,-0.143357510957718,-0.262097987203842,0.598958972711301
0.67,0,-0,-0.0188744700713854,-0.100117273212469,-0.144661386154156,-0.2601069924258,0.599122951620172
0.675,0,-0,-0.0191336629815557,-0.100644650393868,-0.145955167753447,-0.25807446027692,0.599284270362299
0.68,0,-0,-0.0193926425703463,-0.101159342125155,-0.147238651050464,-0.256001285980828,0.599442898909308
0.685,0,-0,-0.0196513525312145,-0.101661293996198,-0.148511635814537,-0.253888365458151,0.59959880874791
0.69,0,-0,-0.0199097368401968,-0.102150456313852,-0.149773926325129,-0.251736602593228,0.599751972983754
0.695,0,-0,-0.0201677397746064,-0.102626784088173,-0.151025331378836,-0.249546901674642,0.599902366209246
0.7,0,-0,-0.0204253059315082,-0.103090237087252,-0.152265664320748,-0.247320174013081,0.600049964594111
0.705,0,-0,-0.0206823802458087,-0.103540779820669,-0.153494743049526,-0.245057331012851,0.600194745762616
0.71,0,-0,-0.0209389080081097,-0.103978381584421,-0.154712390044431,-0.242759290157485,0.600336688871482
0.715,0,-0,-0.0211948348821797,-0.104403016441128,-0.155918432368394,-0.24042696869543,0.60047577449615
0.72,0,-0,-0.0214501069221758,-0.104814663254933,-0.15711270169071,-0.238061289013016,0.600611984696719
0.725,0,-0,-0.0217046705894846,-0.105213305668029,-0.158295034288019,-0.235663172914537,0.600745302912865
0.73,0,-0,-0.0219584727693014,-0.105598932125477,-0.159465271062675,-0.233233546405145,0.600875714018539
0.735,0,-0,-0.0222114607868295,-0.10597153584765,-0.160623257541558,-0.230773334542781,0.601003204225136
0.74,0,-0,-0.022463582423206,-0.106331114844989,-0.161768843890141,-0.228283465656595,0.601127761125692
0.745,0,-0,-0.0227147859310491,-0.106677671886014,-0.162901884909052,-0.225764866745228,0.601249373605881
0.75,0,-0,-0.02296502004972,-0.107011214502102,-0.164022240043892,-0.223218467163953,0.601368031878594
0.755,0,-0,-0.0232142340202075,-0.10733175495078,-0.165129773379469,-0.220645194531824,0.601483727402303
0.76,0,-0,-0.0234623775997159,-0.10763931021056,-0.166224353645358,-0.218045977911383,0.601596452906371
0.765,0,-0,-0.0237094010758772,-0.107933901939266,-0.167305854207783,-0.215421744223426,0.601706202316439
0.77,0,-0,-0.0239552552806565,-0.108215556459282,-0.168374153071119,-0.212773420967107,0.601812970772422
0.775,0,-0,-0.0241998916038835,-0.108484304711075,-0.169429132867453,-0.210101933091126,0.601916754561573
0.78,0,-0,-0.0244432620064674,-0.108740182229336,-0.170470680853995,-0.207408205239743,0.602017551129439
0.785,0,-0,-0.0246853190332251,-0.108983229088399,-0.171498688898271,-0.204693158525421,0.60211535900261
0.79,0,-0,-0.0249260158254103,-0.109213489870799,-0.172513053474312,-0.201957713956861,0.602210177813722
0.795,0,-0,-0.025165306132851,-0.109431013610138,-0.17351367564625,-0.199202788336629,0.60230200823957
0.8,0,-0,-0.02540314432576,-0.109635853749283,-0.174500461057431,-0.196429296725224,0.602390851996398
0.805,0,-0,-0.0256394854061707,-0.109828068077643,-0.175473319912389,-0.193638150156931,0.602476711788982
0.81,0,-0,-0.0258742850190375,-0.110007718681214,-0.176432166962963,-0.190830257055327,0.602559591306686
0.815,0,-0,-0.0261074994629472,-0.110174871871665,-0.177376921485464,-0.188006520733834,0.602639495157939
0.82,0,-0,-0.0263390857005161,-0.110329598129825,-0.17830750726606,-0.185167842253781,0.602716428883163
0.825,0,-0,-0.0265690013684002,-0.110471972033847,-0.179223852577321,-0.182315117132984,0.602790398911921
0.83,0,-0,-0.0267972047869558,-0.110602072193515,-0.180125890155823,-0.179449236656594,0.602861412540605
0.835,0,-0,-0.0270236549695309,-0.110719981171926,-0.181013557176374,-0.176571086731576,0.602929477892618
0.84,0,-0,-0.0272483116314179,-0.110825785415594,-0.181886795229572,-0.1736815489919,0.602994603919214
0.845,0,-0,-0.0274711351983932,-0.110919575165699,-0.182745550287975,-0.170781497323203,0.603056800318167
0.85,0,-0,-0.0276920868149639,-0.11100144438242,-0.183589772684404,-0.167871802687491,0.603116077558751
0.855,0,-0,-0.0279111283522182,-0.111071490659749,-0.184419417081092,-0.164953328475512,0.60317244685077
0.86,0,-0,-0.0281282224153221,-0.111129815141922,-0.185234442437384,-0.162026932049289,0.603225920113052
0.865,0,-0,-0.0283433323506468,-0.111176522431717,-0.186034811976209,-0.159093463816335,0.603276509939495
0.87,0,-0,-0.0285564222525477,-0.111211720501016,-0.186820493151507,-0.156153767808744,0.60332422958355
0.875,0,-0,-0.0287674569697867,-0.111235520598535,-0.187591457613992,-0.153208681027032,0.603369092941079
0.88,0,-0,-0.0289764021115682,-0.111248037151365,-0.188347681171216,-0.150259032018286,0.603411114496139
0.885,0,-0,-0.029183224053264,-0.111249387670564,-0.189089143754743,-0.147305643640482,0.60345030933136
0.89,0,-0,-0.0293878899417613,-0.111239692655165,-0.189815829381609,-0.144349330084523,0.603486693107652
0.895,0,-0,-0.0295903677004564,-0.111219075493184,-0.190527726113187,-0.141390897537891,0.60352028203197
0.9,0,-0,-0.0297906260338859,-0.111187662358421,-0.191224826013125,-0.138431143570832,0.60355109282318
0.905,0,-0,-0.0299886344320327,-0.111145582109803,-0.191907125108331,-0.135470858330419,0.603579142710788
0.91,0,-0,-0.0301843631742701,-0.111092966189615,-0.19257462334628,-0.132510822883038,0.603604449415548
0.915,0,-0,-0.030377783332961,-0.111029948519876,-0.193227324550445,-0.129551809486588,0.60362703112299
0.92,0,-0,-0.0305688667767156,-0.110956665398062,-0.193865236376204,-0.126594581537146,0.60364690646722
0.925,0,-0,-0.0307575861733079,-0.110873255392175,-0.194488370265559,-0.123639893321857,0.603664094513068
0.93,0,-0,-0.0309439149922566,-0.11077985923603,-0.195096741401272,-0.120688489870261,0.603678614740537
0.935,0,-0,-0.0311278275070667,-0.110676619723012,-0.195690368659386,-0.117741106667359,0.603690487023818
0.94,0,-0,-0.0313092987971487,-0.1105636816018,-0.196269274562735,-0.114798469931489,0.603699731624023
0.945,0,-0,-0.0314883047494015,-0.110441191470462,-0.196833485231837,-0.111861295892659,0.603706369169039
0.95,0,-0,-0.0316648220594761,-0.110309297672505,-0.197383030336531,-0.108930291143548,0.603710420644059
0.955,0,-0,-0.0318388282327079,-0.110168150189791,-0.197917943044751,-0.10600615187759,0.603711907365554
0.96,0,-0,-0.0320103015847454,-0.110017900539955,-0.198438259974253,-0.103089564825411,0.603710850982451
0.965,0,-0,-0.0321792212418546,-0.109858701671153,-0.198944021140579,-0.100181206039542,0.603707273455101
0.97,0,-0,-0.0323455671409198,-0.109690707860646,-0.199435269906623,-0.0972817415681515,0.603701197049731
0.975,0,-0,-0.0325093200291302,-0.109514074609815,-0.199912052929266,-0.0943918266906131,0.603692644315415
0.98,0,-0,-0.0326704614633771,-0.109328958545308,-0.20037442010917,-0.091512106739363,0.603681638088227
0.985,0,-0,-0.0328289738093426,-0.109135517316164,-0.200822424536326,-0.0886432159814523,0.603668201468467
0.99,0,-0,-0.0329848402403026,-0.10893390949691,-0.201256122438342,-0.0857857783893918,0.603652357820358
0.995,0,-0,-0.0331380447356343,-0.108724294486092,-0.201675573125307,-0.0829404068803801,0.603634130749908
1,0,-0,-0.0332885720790643,-0.108506832416428,-0.202080838940392,-0.0801077046874842,0.603613544130758
1.005,0.00294030000000013,-0.000180911060747302,-0.0334364365414439,-0.108281684047703,-0.202471985196477,-0.0772882613774233,0.603590622021887
1.01,0.0115248,-0.000709069524735384,-0.0335817080055916,-0.108049151744793,-0.2028490830793,-0.0744833282507496,0.603565531519341
1.015,0.0254043000000004,-0.00156294373822277,-0.0337245077523618,-0.107809893470075,-0.20321219803489,-0.0716904404914622,0.603538695101424
1.02,0.0442368000000001,-0.00272144541198067,-0.0338650042199405,-0.107564969534091,-0.203561360450705,-0.0689005364559419,0.603510640270778
1.025,0.0676874999999995,-0.00416393242619692,-0.0340034088492841,-0.107315789331418,-0.203896548502849,-0.0661026552062256,0.603481840827214
1.03,0.0954288000000001,-0.00587021038567033,-0.0341399720838369,-0.107064050139469,-0.20421768864271,-0.0632868458246822,0.60345266715526
1.035,0.127140299999999,-0.00782053337786886,-0.0342749795500748,-0.106811684698781,-0.204524664950815,-0.0604453841619263,0.603423402626027
1.04,0.1625088,-0.00999560461457085,-0.0344087484171404,-0.106560821097992,-0.204817330586758,-0.057572820250884,0.603394285533706
1.045,0.201228299999999,-0.0123765773344141,-0.0345416239199267,-0.106313751767287,-0.205095517412863,-0.0546654368591852,0.603365548735452
1.05,0.243,-0.01494505595336,-0.0346739760273162,-0.106072906770887,-0.20535904242384,-0.0517205822326673,0.603337444043052
1.055,0.287532299999999,-0.0176830972142751,-0.0348061962407136,-0.105840827694787,-0.205607711234404,-0.0487361328852316,0.603310249568619
1.06,0.334540800000001,-0.0205732110623539,-0.0349386945135799,-0.105620140517249,-0.205841319625057,-0.0457101810421544,0.603284264644826
1.065,0.383748299999999,-0.02359836107924,-0.0350718962874514,-0.105413527566955,-0.206059654188075,-0.0426409186960561,0.603259798642352
1.07,0.434884800000001,-0.026741964455774,-0.0352062396430027,-0.105223699689923,-0.206262492843412,-0.0395266508696767,0.603237159153742
1.075,0.4876875,-0.0299878915863728,-0.0353421725658627,-0.105053369922555,-0.206449605601003,-0.0363658587036192,0.603216642752413
1.08,0.541900800000001,-0.0333204654128096,-0.0354801503268495,-0.104905229699243,-0.206620755649858,-0.0331572621629841,0.603198529508836
1.085,0.5972763,-0.036724460629913,-0.0356206329755542,-0.104781928094416,-0.206775700664992,-0.0298998526074359,0.6031830808948
1.09,0.653572800000001,-0.0401851028241988,-0.0357640829453989,-0.104686054131146,-0.206914194164794,-0.0265928909735953,0.603170540000119
1.095,0.7105563,-0.0436880675745017,-0.0359109627677354,-0.104620121852272,-0.207035986776146,-0.02323588137859,0.603161132912145
1.1,0.768000000000001,-0.0472194795117657,-0.0360617328922335,-0.104586557697157,-0.207140827315399,-0.0198285296091252,0.603155070326069
1.105,0.8256843,-0.0507659113235604,-0.0362168496108063,-0.10458768971217,-0.207228463654363,-0.016370699957042,0.60315254884237
1.11,0.883396800000001,-0.0543143826911558,-0.0363767630824707,-0.104625738198265,-0.207298643384321,-0.0128623765551486,0.603153751745804
1.115,0.9409323,-0.0578523591571567,-0.036541915456768,-0.104702807507894,-0.207351114313296,-0.00930363294917572,0.60315884929416
1.12,0.998092800000001,-0.0613677509358973,-0.0367127390936191,-0.104820878809098,-0.207385624841509,-0.00569461059481764,0.60316799868825
1.125,1.0546875,-0.064848911666433,-0.0368896548775186,-0.104981803680581,-0.207401924228092,-0.00203549747769806,0.603181343713382
1.13,1.1105328,-0.0682846371522022,-0.0370730706243956,-0.105187298503078,-0.207399762808678,0.00167347689974863,0.603199014439828
1.135,1.1654523,-0.0716641640863168,-0.0372633795792326,-0.105438939584369,-0.207378892147137,0.0054320576623267,0.603221126842144
1.14,1.2192768,-0.0749771687857642,-0.0374609590027827,-0.105738158989247,-0.207339065140917,0.00923997175021485,0.603247782446402
1.145,1.2718443,-0.0782137659418455,-0.037666168845683,-0.106086241019079,-0.207280036075146,0.0130969380719066,0.603279067956278
1.15,1.323,-0.0813645074121738,-0.0378793505083828,-0.106484319321767,-0.207201560644018,0.0170026743568277,0.603315054961016
1.155,1.3725963,-0.0844203810509667,-0.0381008256852916,-0.106933374563711,-0.207103395923143,0.0209569057544202,0.603355799596708
1.16,1.4204928,-0.0873728096110733,-0.0383308952916714,-0.107434232658473,-0.206985300320709,0.0249593702386195,0.603401342326149
1.165,1.4665563,-0.0902136496874911,-0.0385698384717041,-0.107987563446317,-0.206847033469944,0.0290098292685366,0.603451707537097
1.17,1.5106608,-0.0929351907731127,-0.0388179116865019,-0.108593879863037,-0.206688356126867,0.0331080661114458,0.603506903392367
1.175,1.5526875,-0.0955301543598542,-0.039075347880494,-0.109253537455832,-0.206509030004018,0.0372538995609746,0.603566921399296
1.18,1.5925248,-0.0979916931909038,-0.0393423557251917,-0.109966734333767,-0.20630881763341,0.0414471758189504,0.603631736348951
1.185,1.6300683,-0.100313390558238,-0.0396191189387762,-0.110733511369192,-0.206087482159352,0.0456877848319819,0.603701305875536
1.19,1.6652208,-0.102489259790175,-0.0399057956807358,-0.111553752791679,-0.205844787184454,0.049975646295561,0.603775570507898
1.195,1.6978923,-0.104513743778539,-0.0402025180200091,-0.112427186945547,-0.205580496537205,0.0543107286226861,0.603854453234442
1.2,1.728,-0.1063817147382,-0.0405093914760945,-0.113353387416407,-0.205294374119248,0.058693028687595,0.603937859711655
1.205,1.7554683,-0.10808847398819,-0.0408264946315494,-0.114331774241295,-0.204986183658424,0.0631225954127065,0.60402567783431
1.21,1.7802288,-0.109629751997563,-0.0411538788155484,-0.11536161546798,-0.204655688563047,0.0675995041342638,0.604117778060937
1.215,1.8022203,-0.111001708439189,-0.041491567856957,-0.116442028731471,-0.20430265167293,0.0721238821007111,0.604214013008535
1.22,1.8213888,-0.112200932548647,-0.0418395579068026,-0.117571983186527,-0.203926835139109,0.0766958773393162,0.604314217975991
1.225,1.8376875,-0.113224443456117,-0.0421978173285333,-0.118750301399604,-0.203528000176777,0.0813156899953025,0.604418210552397
1.23,1.8510768,-0.114069690848477,-0.0425662866561488,-0.119975661601263,-0.20310590696807,0.0859835360040575,0.604525791271091
1.235,1.8615243,-0.114734555586517,-0.0429448786186404,-0.121246599861613,-0.202660314429509,0.0906996795471772,0.604636743288137
1.24,1.8690048,-0.115217350688193,-0.0433334782310156,-0.122561512664691,-0.202190980157607,0.0954643919018356,0.604750833305068
1.245,1.8735003,-0.115516822199511,-0.0437319429501661,-0.123918659361309,-0.201697660197777,0.100277994061766,0.604867811217966
1.25,1.875,-0.115632150461013,-0.0441401028961644,-0.125316165048012,-0.201180109023831,0.105140805609724,0.604987411212019
1.255,1.8735003,-0.115562951231478,-0.0445577611372012,-0.126752023312651,-0.200638079326908,0.110053191814933,0.605109351506803
1.26,1.8690048,-0.115309277228696,-0.0449846940389526,-0.128224099459355,-0.200071322042409,0.115015506707593,0.605233335737559
1.265,1.8615243,-0.114871619452604,-0.0454206516763869,-0.129730133583004,-0.199479586143966,0.120028150855872,0.605359052702157
1.27,1.8510768,-0.114250908947069,-0.045865358309124,-0.131267744166694,-0.198862618712005,0.125091503180833,0.605486177975297
1.275,1.8376875,-0.113448518292786,-0.0463185129182059,-0.132834431536965,-0.198220164744413,0.13020598692605,0.60561437374539
1.28,1.8213888,-0.112466263537517,-0.0467797898056089,-0.13442758188791,-0.197551967267836,0.135371994315724,0.605743290670854
1.285,1.8022203,-0.11130634230106,-0.0472488394336862,-0.136043373223753,-0.19685893269981,0.140583014515631,0.605872222154748
1.29,1.7802288,-0.109971431056396,-0.0477252893935051,-0.137678338840559,-0.196141907944921,0.145829653137873,0.606000609957125
1.295,1.7554683,-0.108464926728069,-0.048208744604879,-0.13933282259242,-0.195396384913956,0.151134202870255,0.606129390774162
1.3,1.728,-0.106790272540119,-0.0486987884127958,-0.141001488111721,-0.194626126468787,0.156489097693292,0.606257276399637
1.305,1.6978923,-0.104951683728122,-0.0491949830358847,-0.142683375616049,-0.193826751412454,0.161911049026391,0.60638476149098
1.31,1.6652208,-0.102953538274974,-0.0496968707790951,-0.144374136639135,-0.193000834730959,0.167391894077864,0.606510686437196
1.315,1.6300683,-0.100800809908277,-0.0502039750577086,-0.146070756284134,-0.192147024626688,0.172930975623573,0.606634669970698
1.32,1.5925248,-0.0984988789425313,-0.0507158016817924,-0.147769656550689,-0.191266106930357,0.178520734189666,0.606756015621378
1.325,1.5526875,-0.0960536831937522,-0.051231839918045,-0.149467499881271,-0.19035660913087,0.184163834613184,0.606874617159414
1.33,1.5106608,-0.0934715815194734,-0.0517515635612168,-0.151160721412399,-0.189418097760228,0.18986572618408,0.606990142794487
1.335,1.4665563,-0.090759342021475,-0.0522744323966166,-0.152846018436001,-0.188451739182284,0.195618991449532,0.607101919804013
1.34,1.4204928,-0.0879242716112436,-0.0527998934196977,-0.154519483674073,-0.187456085778018,0.201426727976435,0.607209768684714
1.345,1.3725963,-0.0849740831420501,-0.0533273823801793,-0.156178218119155,-0.186432478065971,0.207282975759778,0.607313130323542
1.35,1.323,-0.0819170149093942,-0.0538563250087613,-0.157817576836573,-0.185378805581412,0.213194522348049,0.607411879260134
1.355,1.2718443,-0.07876174329977,-0.0543861383636768,-0.159433928379562,-0.184294764383133,0.219167109398922,0.607505731456865
1.36,1.2192768,-0.0755173821572989,-0.0549162323216115,-0.161023601888946,-0.183180143783802,0.225202677946666,0.607594205813727
1.365,1.1654523,-0.0721935016208281,-0.0554460115541396,-0.162584979644292,-0.182036953571579,0.231286995597588,0.607676737091963
1.37,1.1105328,-0.0688001741445819,-0.0559748770274828,-0.16411226919899,-0.180862800962277,0.23742389286487,0.607753060835619
1.375,1.0546875,-0.0653479394153329,-0.0565022275878603,-0.16560152963157,-0.179657142091665,0.243617693822511,0.607822967148483
1.38,0.998092799999997,-0.0618477826163539,-0.0570274615646744,-0.167048496867978,-0.178419199951866,0.249873882592251,0.607886107851328
1.385,0.9409323,-0.058311155879402,-0.0575499788155042,-0.16845166692645,-0.177150255058259,0.256183552396707,0.607942185826689
1.39,0.883396799999996,-0.0547499640381249,-0.058069182523698,-0.169805820894446,-0.175848888062518,0.262547451774468,0.607990822712973
1.395,0.825684300000002,-0.0511765870857038,-0.0585844811777867,-0.171108432495917,-0.174515488244129,0.268962595348217,0.608031809870616
1.4,0.767999999999995,-0.0476038604383971,-0.059095290536768,-0.172355539604361,-0.173149393695892,0.275427518258567,0.608064936068591
1.405,0.710556300000004,-0.0440450866165708,-0.0596010358041573,-0.173545885255682,-0.171751574077464,0.281935543141453,0.608090167814369
1.41,0.653572800000006,-0.0405139975674574,-0.0601011535013714,-0.174673306214729,-0.170320094468613,0.288491495313457,0.608107185820391
1.415,0.597276299999997,-0.03702480114606,-0.0605950936573255,-0.175736649901934,-0.168855686828813,0.295091665033213,0.608116041508511
1.42,0.541900800000001,-0.0335921408934996,-0.0610823219813437,-0.176733126312034,-0.167358137578473,0.301733809627839,0.608116655604182
1.425,0.487687499999993,-0.0302311059015583,-0.0615623220739258,-0.177660122055955,-0.165827243460928,0.308415883381537,0.608108981456961
1.43,0.434884800000003,-0.026957227846183,-0.0620345976856565,-0.178515216638638,-0.164262812529742,0.315135570985911,0.608093005713361
1.435,0.383748299999997,-0.0237864777922139,-0.0624986750164878,-0.179296199064529,-0.162664664210211,0.321890568551203,0.608068744908108
1.44,0.334540799999999,-0.0207352632849919,-0.0629541050608024,-0.18000108449703,-0.161032630414477,0.328678320223639,0.608036247972657
1.445,0.287532299999999,-0.0178204252750883,-0.0634004659917279,-0.180628131530208,-0.159366555810612,0.335496250060222,0.607995595446555
1.45,0.242999999999995,-0.015059235173456,-0.0638373655863741,-0.181175859689452,-0.157666298448153,0.342341656092574,0.607946901446939
1.455,0.201228300000004,-0.0124693918798558,-0.0642644436870139,-0.1816430671765,-0.155931729700055,0.349211881730733,0.60789031334749
1.46,0.162508799999994,-0.0100690189485887,-0.0646813746977033,-0.18202884857362,-0.154162734155595,0.356104304531634,0.607826012410768
1.465,0.127140299999997,-0.0078766618747844,-0.065087870112823,-0.182332612317803,-0.152359209012527,0.363016452511717,0.607754213193116
1.47,0.0954288000000005,-0.00591128558717244,-0.0654836810760495,-0.182554097783572,-0.150521063236747,0.369946039814621,0.607675163159982
1.475,0.0676875000000052,-0.00419227217526407,-0.0658686009672147,-0.182693391800668,-0.14864821633922,0.376891049306979,0.6075891418554
1.48,0.0442368000000037,-0.00273941890033282,-0.0662424680153972,-0.182750944474547,-0.146740596884444,0.383849781974717,0.607496460238143
1.485,0.0254042999999982,-0.00157293652252397,-0.0666051679359221,-0.182727584237969,-0.14479814060955,0.390820938147948,0.607397459719861
1.49,0.0115248000000001,-0.000713447985686184,-0.0669566365901562,-0.182624531942356,-0.14282078834693,0.397803652110942,0.607292511764317
1.495,0.00294030000000234,-0.000181987490712287,-0.0672968626653759,-0.182443414012096,-0.140808483449854,0.404797598139871,0.607182016762275
1.5,0,-0,-0.0676258903747492,-0.18218627443128,-0.138761169184991,0.411802985671515,0.607066404179534
1.505,0,-0,-0.0679437921540555,-0.181855585604373,-0.136678785469275,0.418820704776172,0.606946131189464
1.51,0,-0,-0.0682506392817537,-0.181454119050224,-0.13456126485566,0.42585235536446,0.606821576801142
1.515,0,-0,-0.0685465019228288,-0.180984709017412,-0.132408540304353,0.432896845211503,0.606692928768213
1.52,0,-0,-0.0688314493009311,-0.18045014319806,-0.13022056899701,0.439947639899525,0.606560258498829
1.525,0,-0,-0.0691055499189774,-0.179853149657782,-0.127997348439293,0.446996015971048,0.606423624951674
1.53,0,-0,-0.0693688717798138,-0.179196404767158,-0.125738920861641,0.454033057199566,0.606283125238733
1.535,0,-0,-0.0696214825706528,-0.178482544980469,-0.123445368613225,0.461051180487414,0.606138898321042
1.54,0,-0,-0.0698634498094934,-0.177714174167586,-0.121116807339198,0.468044241460459,0.605991110934145
1.545,0,-0,-0.0700948409500458,-0.176893863450293,-0.118753377720214,0.475007712603913,0.605839929986902
1.55,0,-0,-0.0703157234653326,-0.176024145544829,-0.116355240487833,0.481937869975181,0.605685505434128
1.555,0,-0,-0.0705261649120093,-0.175107505785005,-0.113922572181347,0.48883172562541,0.605527954093172
1.56,0,-0,-0.0707262329951957,-0.174146373600164,-0.111455564718892,0.495686211859758,0.605367360843041
1.565,0,-0,-0.0709159956276424,-0.173143115396214,-0.108954424434361,0.50249844094484,0.60520377780141
1.57,0,-0,-0.0710955209969589,-0.172100030839014,-0.106419373690695,0.509265132831468,0.605037236867341
1.575,0,-0,-0.0712648776269521,-0.171019351042714,-0.103850650321032,0.515983195456014,0.604867752589078
1.58,0,-0,-0.0714241344447172,-0.16990323948396,-0.101248508956378,0.522649239902031,0.604695334816176
1.585,0,-0,-0.0715733608368205,-0.168753793043603,-0.0986132195140256,0.529260276842303,0.604519987370473
1.59,0,-0,-0.0717126267080879,-0.167573044322878,-0.09594506776572,0.535813156822622,0.604341716830078
1.595,0,-0,-0.0718420025264464,-0.16636296261917,-0.0932443530802326,0.542305265081726,0.604160526514032
1.6,0,-0,-0.0719615593701211,-0.165125455664694,-0.0905113887551228,0.548733846856855,0.60397642307643
1.605,0,-0,-0.0720713689607617,-0.163862369605749,-0.0877464996243864,0.555096697376861,0.603789408479706
1.61,0,-0,-0.0721715037006111,-0.162575490114047,-0.0849500226220326,0.561391410809062,0.603599486903585
1.615,0,-0,-0.0722620366965747,-0.161266541845214,-0.0821223045571292,0.567616099144098,0.603406656620987
1.62,0,-0,-0.0723430417900884,-0.159937189602382,-0.0792637029967415,0.573768607023623,0.603210918185735
1.625,0,-0,-0.0724145935745395,-0.158589037891294,-0.0763745841849161,0.579847275872798,0.603012266510207
1.63,0,-0,-0.0724767674195228,-0.157223632564971,-0.0734553241226628,0.585850141581644,0.602810700032748
1.635,0,-0,-0.0725296394827604,-0.155842460675768,-0.0705063065184076,0.591775737107081,0.602606212564297
1.64,0,-0,-0.0725732867293505,-0.154446952614509,-0.0675279239480367,0.597622273621829,0.602398802895636
1.645,0,-0,-0.0726077869385945,-0.153038482154019,-0.0645205757816872,0.603388467278183,0.602188466091238
1.65,0,-0,-0.0726332187184736,-0.151618368925448,-0.0614846693811353,0.609072703182127,0.601975203278759
1.655,0,-0,-0.0726496615077069,-0.150187878501834,-0.0584206180113142,0.614673875499589,0.601759012382524
1.66,0,-0,-0.0726571955857708,-0.148748225086676,-0.0553288420754647,0.620190538052461,0.601539898087212
1.665,0,-0,-0.0726559020706396,-0.147300571557407,-0.0522097670378312,0.6256217518906,0.601317862148709
1.67,0,-0,-0.0726458629247796,-0.145846032311939,-0.0490638246990061,0.630966228874407,0.60109291357352
1.675,0,-0,-0.0726271609490783,-0.144385673247412,-0.0458914511467551,0.636223182716341,0.600865058627271
1.68,0,-0,-0.0725998797852507,-0.142920514740579,-0.0426930880632866,0.641391471657366,0.600634311222798
1.685,0,-0,-0.0725641039064194,-0.141451531549405,-0.0394691807100583,0.646470448942823,0.600400682689148
1.69,0,-0,-0.0725199186163082,-0.139979655900856,-0.0362201792533243,0.651459109358413,0.600164192319148
1.695,0,-0,-0.0724674100368656,-0.138505777297348,-0.0329465367854326,0.656356934857081,0.599924856934697
1.7,0,-0,-0.0724066651045646,-0.137030745679298,-0.0296487106565321,0.661163048716869,0.599682701539202
1.705,0,-0,-0.0723377715554114,-0.135555371117426,-0.0263271605360452,0.665877052318305,0.599437748717138
1.71,0,-0,-0.0722608179186399,-0.134080427019763,-0.022982349742029,0.670498190136842,0.599190029350794
1.715,0,-0,-0.0721758934994203,-0.132606649697429,-0.0196147433475911,0.675026174372399,0.598939571899942
1.72,0,-0,-0.0720830883702153,-0.131134741591856,-0.0162248095008283,0.679460363835935,0.598686413145742
1.725,0,-0,-0.0719824933514823,-0.129665370708809,-0.0128130175808485,0.683800573381227,0.598430587397717
1.73,0,-0,-0.07187420000095,-0.128199173849161,-0.00937983950337901,0.68804626923508,0.598172137241714
1.735,0,-0,-0.0717583005925428,-0.126736755900446,-0.00592574792321942,0.69219736304039,0.597911102652479
1.74,0,-0,-0.0716348881038906,-0.125278693070306,-0.00245121753449128,0.696253418866221,0.597647531834379
1.745,0,-0,-0.0715040561937837,-0.123825532064082,0.00104327667208765,0.700214435466165,0.597381470356197
1.75,0,-0,-0.0713658991879995,-0.122377793288596,0.00455725814849477,0.704080074398705,0.597112971812956
1.755,0,-0,-0.0712205120555235,-0.12093596990888,0.00809025046782856,0.70785041466605,0.596842087050525
1.76,0,-0,-0.0710679903929322,-0.119500531016245,0.0116417760929028,0.711525208077234,0.596568874731185
1.765,0,-0,-0.070908430399589,-0.118071920576834,0.0152113579924712,0.715104607812186,0.596293390658571
1.77,0,-0,-0.0707419288607784,-0.116650560558702,0.0187985184437196,0.71858845029421,0.596015698213477
1.775,0,-0,-0.070568583122066,-0.1152368497808,0.0224027805858801,0.721976957242959,0.59573585780395
1.78,0,-0,-0.0703884910714108,-0.113831167006781,0.0260236672516316,0.725270042353406,0.595453937223556
1.785,0,-0,-0.0702017511128241,-0.112433869701153,0.0296607024676977,0.728467992325923,0.595170001176486
1.79,0,-0,-0.0700084621475298,-0.111045297057788,0.0333134103308779,0.731570797154263,0.594884121400673
1.795,0,-0,-0.0698087235471521,-0.109665768677891,0.036981316435406,0.734578800712443,0.594596366442999
1.8,0,-0,-0.0696026351341823,-0.10829558756298,0.0406639467783991,0.737492060119875,0.594306811698883
1.805,0,-0,-0.0693902971547233,-0.106935038711721,0.0443608291445058,0.740310976773985,0.594015529219113
1.81,0,-0,-0.069171810258382,-0.105584392059503,0.0480714920428735,0.743035671405116,0.593722597620971
1.815,0,-0,-0.0689472754707014,-0.104243900996437,0.0517954660406402,0.745666598842917,0.593428091999609
1.82,0,-0,-0.0687167941726089,-0.102913805249194,0.0555322827303105,0.748203939251457,0.593132093709325
1.825,0,-0,-0.0684804680729058,-0.101594329398353,0.0592814759761121,0.750648186386403,0.592834680756715
1.83,0,-0,-0.0682383991869764,-0.100285685619395,0.0630425809921824,0.752999593305447,0.592535936746215
1.835,0,-0,-0.067990689809512,-0.0989880721871768,0.0668151354781151,0.755258686370069,0.592235941913831
1.84,0,-0,-0.0677374424929948,-0.0977016761730407,0.0705986787257441,0.757425770729984,0.591934781972941
1.845,0,-0,-0.0674787600204559,-0.09642667191793,0.0743927527244342,0.759501414363493,0.591632539178019
1.85,0,-0,-0.067214745383755,-0.0951632236449181,0.0781969013123517,0.761485974410722,0.591329300882784
1.855,0,-0,-0.0669455017564146,-0.093911483875338,0.0820106712339052,0.763380059459018,0.591025150747991
1.86,0,-0,-0.0666711324721319,-0.0926715960414994,0.0858336112751543,0.765184060715351,0.590720177559534
1.865,0,-0,-0.0663917409976452,-0.0914436928591723,0.0896652733163115,0.766898629542597,0.590414466287492
1.87,0,-0,-0.0661074309112617,-0.0902278988582903,0.0935052115087501,0.768524200785837,0.590108106617335
1.875,0,-0,-0.0658183058760585,-0.0890243287439489,0.0973529832588848,0.770061456243767,0.589801184386516
1.88,0,-0,-0.065524469618504,-0.0878330898591068,0.101208148443347,0.771510871363609,0.589493789869366
1.885,0,-0,-0.0652260259020531,-0.0866542805481895,0.105070270342197,0.77287315603135,0.589186009476916
1.89,0,-0,-0.0649230785059229,-0.0854879925472269,0.1089389148923,0.774148823817822,0.588877933782065
1.895,0,-0,-0.0646157311992955,-0.0843343093992181,0.112813651547515,0.775338603634085,0.588569649720532
1.9,0,-0,-0.0643040877199243,-0.083193308684155,0.116694052637634,0.776443060836633,0.588261247732655
1.905,0,-0,-0.063988251748825,-0.0820650604104496,0.120579694163884,0.77746294872862,0.587952814316767
1.91,0,-0,-0.0636683268895985,-0.0809496292759163,0.124470155101101,0.778398846923209,0.587644439743311
1.915,0,-0,-0.0633444166435135,-0.0798470730810702,0.128365018202085,0.779251536512741,0.587336210468871
1.92,0,-0,-0.0630166243890623,-0.0787574448903637,0.132263869366218,0.780021631561705,0.587028216309876
1.925,0,-0,-0.062685053357581,-0.0776807914469537,0.136166298388475,0.780709934670894,0.586720543192794
1.93,0,-0,-0.0623498066131587,-0.0766171552537929,0.140071898354488,0.781317089025603,0.586413280113802
1.935,0,-0,-0.0620109870288724,-0.0755665730195796,0.143980266342752,0.781843915191248,0.586106512198734
1.94,0,-0,-0.0616686972671035,-0.0745290776683609,0.147891002851204,0.782291082766366,0.585800327410873
1.945,0,-0,-0.0613230397564101,-0.0735046968190408,0.151803712458975,0.782659428811541,0.585494809883028
1.95,0,-0,-0.0609741166722865,-0.0724934547212501,0.15571800328391,0.78294964733739,0.58519004636784
1.955,0,-0,-0.0606220299146936,-0.0714953707698452,0.15963348760577,0.783162590489101,0.584886119836871
1.96,0,-0,-0.0602668810892672,-0.0705104613604767,0.163549781356975,0.783298975878697,0.584583115640545
1.965,0,-0,-0.0599087714855366,-0.0695387384436385,0.167466504705233,0.783359668849102,0.58428111540227
1.97,0,-0,-0.059547802058598,-0.0685802112990081,0.171383281576964,0.783345409288797,0.583980202883643
1.975,0,-0,-0.0591840734080225,-0.0676348851279107,0.175299740203266,0.783257075074395,0.583680458148999
1.98,0,-0,-0.0588176857600639,-0.0667027627582113,0.179215512666089,0.783095424729381,0.58338196321903
1.985,0,-0,-0.0584487389472665,-0.065783843280707,0.183130235411889,0.782861347459962,0.583084796484387
1.99,0,-0,-0.0580773323911951,-0.0648781236779202,0.187043548827135,0.782555620199616,0.582789038081877
1.995,0,-0,-0.0577035650827546,-0.0639855975047861,0.190955097718199,0.782179142180881,0.582494764575348
2,0,-0,-0.0573275355654692,-0.0631062564448266,0.194864530911627,0.781732706829084,0.582202054087875
